0	0	--
0.01	0	--
0.02	0	--
0.03	0	--
0.04	0	--
0.05	0	--
0.06	0	0
0.07	0	0
0.08	0	0
0.09	0	0
0.1	0	0
0.11	0	0
0.12	0	0
0.13	0	0
0.14	0	0
0.15	0	0
0.16	0	0
0.17	0	0
0.18	0	0
0.19	0	0
0.2	0	0
0.21	0	0
0.22	0	0
0.23	0	0
0.24	0	0
0.25	0	0
0.26	0	0
0.27	0	0
0.28	0	0
0.29	0	0
0.3	0	0
0.31	0	0
0.32	0	0
0.33	0.61	0.0871428571428571
0.34	0.575	0.156836734693878
0.35	0	0.134431486880466
0.36	0	0.115226988754686
0.37	0.971	0.237480276075445
0.38	0.46	0.269268808064667
0.39	1.31	0.417944692626857
0.4	2.076	0.654809736537306
0.41	2.371	0.899979774174834
0.42	1.883	1.040411235007
0.43	1.437	1.09706677286314
0.44	1.716	1.18548580531127
0.45	4.265	1.62541640455251
0.46	1.884	1.66235691818787
0.47	7.519	2.4990202155896
0.48	10.669	3.66616018479109
0.49	12.452	4.92128015839236
0.5	11.427	5.85066870719345
0.51	12.772	6.83943032045153
0.52	13.514	7.79294027467274
0.53	12.299	8.43666309257663
0.54	11.392	8.8588540793514
0.55	9.224	8.9110177823012
0.56	12.288	9.39344381340103
0.57	7.975	9.19080898291517
0.58	7.702	8.97812198535586
0.59	9.543	9.05881884459074
0.6	8.858	9.03013043822063
0.61	9.463	9.09196894704625
0.62	8.987	9.0769733831825
0.63	7.7	8.88026289987072
0.64	7.461	8.67751105703204
0.65	6.605	8.38143804888461
0.66	7.016	8.18637547047252
0.67	6.512	7.94717897469073
0.68	6.322	7.71501054973491
0.69	6.419	7.52986618548707
0.7	6.102	7.32588530184606
0.71	6.853	7.25833025872519
0.72	6.024	7.08199736462159
0.73	7.979	7.21014059824708
0.74	6.552	7.11612051278321
0.75	7.087	7.11196043952847
0.76	9.432	7.44339466245297
0.77	8.18	7.54862399638826
0.78	8.299	7.6558205683328
0.79	9.368	7.90041762999954
0.8	6.955	7.76535796857103
0.81	8.607	7.88559254448946
0.82	9.189	8.07179360956239
0.83	8.005	8.06225166533919
0.84	10.452	8.40364428457645
0.85	7.908	8.33283795820839
0.86	9.612	8.51557539275005
0.87	10.709	8.82892176521433
0.88	11.067	9.14864722732657
0.89	11.491	9.4832690519942
0.9	11.483	9.76894490170931
0.91	11.473	10.0123813443223
0.92	11.696	10.2528982951334
0.93	11.523	10.4343413958286
0.94	10.903	10.5012926249959
0.95	11.852	10.6942508214251
0.96	12.616	10.9687864183644
0.97	13.346	11.308388358598
0.98	13.421	11.6101900216555
0.99	12.27	11.7044485899904
1	13.686	11.9875273628489
1.01	13.612	12.2195948824419
1.02	12.708	12.2893670420931
1.03	13.277	12.4304574646512
1.04	12.9	12.497534969701
1.05	12.836	12.5458871168866
1.06	12.772	12.5781889573314
1.07	12.709	12.5968762491412
1.08	11.506	12.4410367849782
1.09	12.247	12.413317244267
1.1	11.311	12.2558433522288
1.11	11.486	12.1458657304819
1.12	11.864	12.1055991975559
1.13	12.696	12.1899421693336
1.14	11.094	12.033379002286
1.15	11.052	11.8931820019594
1.16	12.097	11.9222988588223
1.17	10.823	11.7652561647049
1.18	10.927	11.6455052840327
1.19	10.744	11.5167188148852
1.2	10.104	11.3149018413302
1.21	11.844	11.3904872925687
1.22	10.49	11.2618462507732
1.23	9.53	11.0144396435199
1.24	10.975	11.0088054087313
1.25	11.056	11.0155474931983
1.26	12.262	11.1936121370271
1.27	9.969	11.0186675460232
1.28	11.314	11.0608578965913
1.29	10.979	11.049163911364
1.3	8.649	10.7062833525977
1.31	8.788	10.4322428736552
1.32	10.372	10.4236367488473
1.33	11.343	10.5549743561548
1.34	9.176	10.3579780195613
1.35	9.661	10.2584097310525
1.36	10.13	10.2400654837593
1.37	9.699	10.1627704146508
1.38	9.489	10.0665174982721
1.39	9.766	10.0235864270904
1.4	9.288	9.91850265179178
1.41	10.627	10.0197165586787
1.42	10.379	10.0710427645817
1.43	9.845	10.03875094107
1.44	10.445	10.0967865209172
1.45	9.733	10.044817017929
1.46	9.413	9.95455744393915
1.47	10.208	9.99076352337642
1.48	9.039	9.85479730575121
1.49	9.936	9.8663976906439
1.5	9.715	9.84476944912334
1.51	9.091	9.73708809924858
1.52	8.512	9.56207551364164
1.53	8.685	9.43677901169283
1.54	9.133	9.39338201002243
1.55	8.905	9.3236131514478
1.56	8.217	9.16552555838383
1.57	8.949	9.13459333575756
1.58	9.528	9.1907942877922
1.59	8.41	9.07925224667903
1.6	9.421	9.12807335429631
1.61	9.561	9.18992001796826
1.62	9.215	9.19350287254423
1.63	8.252	9.05900246218076
1.64	7.905	8.89414496758351
1.65	7.565	8.70426711507158
1.66	7.619	8.54922895577564
1.67	8.624	8.55991053352198
1.68	8.168	8.50392331444741
1.69	8.607	8.51864855524064
1.7	8.736	8.54969876163483
1.71	8.089	8.48388465282986
1.72	8.871	8.53918684528274
1.73	8.28	8.50216015309949
1.74	7.351	8.3377087026567
1.75	8.005	8.29017888799146
1.76	7.679	8.2028676182784
1.77	7.21	8.06102938709577
1.78	7.213	7.93988233179637
1.79	6.781	7.77432771296832
1.8	7.403	7.72128089682999
1.81	6.49	7.54538362585428
1.82	7.421	7.52761453644652
1.83	7.559	7.53209817409702
1.84	6.927	7.44565557779744
1.85	7.027	7.3858476381121
1.86	7.125	7.34858368981037
1.87	8.075	7.45235744840889
1.88	6.617	7.33302067006476
1.89	7.049	7.29244628862694
1.9	6.497	7.17881110453737
1.91	6.484	7.07955237531775
1.92	7.011	7.06975917884378
1.93	7.17	7.08407929615182
1.94	7.114	7.08835368241584
1.95	6.937	7.06673172778501
1.96	7.022	7.06034148095858
1.97	6.625	6.99814984082164
1.98	6.22	6.88698557784712
1.99	6.342	6.80913049529753
2	6.544	6.77125471025503
2.01	6.512	6.73421832307574
2.02	6.366	6.68161570549349
2.03	7.126	6.74509917613728
2.04	6.897	6.76679929383195
2.05	6.498	6.7283993947131
2.06	6.544	6.7020566240398
2.07	6.466	6.66833424917697
2.08	6.757	6.68100078500883
2.09	5.871	6.56528638715043
2.1	5.921	6.47324547470037
2.11	6.044	6.41192469260031
2.12	6.253	6.38922116508598
2.13	6.736	6.43876099864513
2.14	5.934	6.36665228455297
2.15	6.195	6.34213052961683
2.16	5.611	6.23768331110014
2.17	5.616	6.14887140951441
2.18	5.564	6.06531835101235
2.19	5.984	6.05370144372487
2.2	6.218	6.07717266604989
2.21	6.094	6.0795765708999
2.22	6.08	6.07963706077135
2.23	5.478	5.99368890923258
2.24	5.747	5.95844763648507
2.25	5.525	5.89652654555863
2.26	5.099	5.7825941819074
2.27	5.299	5.71350929877777
2.28	5.342	5.66043654180952
2.29	5.042	5.57208846440816
2.3	5.325	5.53679011234985
2.31	5.703	5.56053438201416
2.32	5.567	5.56145804172642
2.33	4.944	5.47324975005122
2.34	5.472	5.47307121432962
2.35	4.848	5.38377532656824
2.36	5.022	5.33209313705849
2.37	4.791	5.25479411747871
2.38	4.739	5.18110924355318
2.39	5.199	5.18366506590272
2.4	5.421	5.21757005648805
2.41	5.056	5.1944886198469
2.42	4.901	5.15256167415449
2.43	5.536	5.2073385778467
2.44	5.044	5.18400449529717
2.45	5.169	5.18186099596901
2.46	4.897	5.14116656797343
2.47	4.726	5.08185705826294
2.48	4.872	5.05187747851109
2.49	5.111	5.06032355300951
2.5	5.06	5.06027733115101
2.51	4.777	5.01980914098658
2.52	4.917	5.00512212084564
2.53	5.304	5.04781896072483
2.54	4.696	4.99755910919271
2.55	4.639	4.94633637930804
2.56	5.343	5.00300261083546
2.57	4.446	4.92343080928754
2.58	4.661	4.88594069367503
2.59	4.833	4.87837773743574
2.6	4.757	4.86103806065921
2.61	4.74	4.84374690913646
2.62	4.423	4.78364020783126
2.63	4.361	4.72326303528393
2.64	4.461	4.68579688738623
2.65	4.541	4.66511161775962
2.66	4.329	4.61709567236539
2.67	4.539	4.60593914774176
2.68	4.44	4.58223355520723
2.69	4.591	4.58348590446334
2.7	4.612	4.58755934668286
2.71	4.333	4.55119372572817
2.72	4.221	4.50402319348129
2.73	4.368	4.48459130869824
2.74	4.177	4.44064969316992
2.75	4.129	4.39612830843136
2.76	4.614	4.42725283579831
2.77	4.26	4.40335957354141
2.78	4.221	4.37730820589264
2.79	4.029	4.32754989076512
2.8	4.483	4.34975704922724
2.81	4.115	4.31622032790907
2.82	4.127	4.28918885249349
2.83	4.529	4.32344758785156
2.84	4.275	4.31652650387277
2.85	4.114	4.28759414617666
2.86	4.386	4.30165212529428
2.87	4.009	4.25984467882367
2.88	3.909	4.20972401042028
2.89	4.216	4.21062058036024
2.9	3.974	4.17681764030878
2.91	4.19	4.17870083455038
2.92	3.966	4.14831500104319
2.93	3.986	4.1251271437513
2.94	4.258	4.14410898035826
2.95	3.909	4.11052198316422
2.96	4.133	4.11373312842648
2.97	3.841	4.07477125293698
2.98	4.137	4.08366107394598
2.99	3.79	4.0417094919537
3	4.053	4.0433224216746
3.01	3.623	3.98327636143537
3.02	3.934	3.97623688123032
3.03	4.132	3.99848875534027
3.04	3.609	3.94284750457738
3.05	4.078	3.96215500392347
3.06	3.903	3.95370428907726
3.07	3.955	3.95388939063765
3.08	3.663	3.9123337634037
3.09	3.667	3.87728608291746
3.1	3.236	3.78567378535782
3.11	3.579	3.75614895887813
3.12	3.563	3.72855625046697
3.13	3.594	3.70933392897169
3.14	3.686	3.70600051054716
3.15	3.301	3.64814329475471
3.16	3.44	3.61840853836118
3.17	3.55	3.60863589002387
3.18	3.272	3.56054504859189
3.19	3.199	3.5088957559359
3.2	3.432	3.49791064794506
3.21	3.398	3.48363769823862
3.22	3.287	3.45554659849025
3.23	3.343	3.43946851299164
3.24	3.285	3.41740158256426
3.25	3.107	3.3730584993408
3.26	2.976	3.31633585657783
3.27	3.212	3.30143073420957
3.28	3.038	3.26379777217963
3.29	2.94	3.21754094758254
3.3	2.996	3.18589224078503
3.31	2.717	3.1189076349586
3.32	2.869	3.08320654425023
3.33	2.78	3.03989132364305
3.34	2.841	3.01147827740833
3.35	2.593	2.95169566635
3.36	2.307	2.85959628544285
3.37	2.662	2.8313682446653
3.38	2.565	2.79331563828455
3.39	2.37	2.73284197567247
3.4	2.316	2.67329312200497
3.41	2.063	2.58610839028998
3.42	2.261	2.53966433453427
3.43	2.298	2.50514085817223
3.44	2.341	2.48169216414762
3.45	2.11	2.42859328355511
3.46	2.248	2.40279424304723
3.47	2.207	2.37482363689763
3.48	2.008	2.32242026019797
3.49	1.969	2.27193165159826
3.5	2.007	2.23408427279851
3.51	1.898	2.18607223382729
3.52	1.839	2.13649048613768
3.53	2.079	2.12827755954658
3.54	1.967	2.10523790818278
3.55	1.903	2.07634677844239
3.56	1.693	2.02158295295062
3.57	1.673	1.97178538824339
3.58	2.053	1.98338747563719
3.59	1.84	1.96290355054616
3.6	1.753	1.93291732903957
3.61	1.718	1.90221485346249
3.62	1.81	1.88904130296784
3.63	1.75	1.86917825968672
3.64	1.77	1.85500993687433
3.65	1.501	1.80443708874943
3.66	1.701	1.78966036178523
3.67	1.722	1.77999459581591
3.68	1.874	1.79342393927078
3.69	1.732	1.78464909080352
3.7	1.636	1.76341350640302
3.71	1.313	1.69906871977402
3.72	1.445	1.66277318837773
3.73	1.323	1.61423416146663
3.74	1.472	1.59391499554282
3.75	1.394	1.56535571046528
3.76	1.245	1.51959060897024
3.77	1.477	1.5135062362602
3.78	1.297	1.48257677393732
3.79	1.364	1.46563723480341
3.8	1.27	1.43768905840293
3.81	1.272	1.41401919291679
3.82	1.225	1.38701645107154
3.83	1.191	1.35901410091846
3.84	1.108	1.3231549436444
3.85	1.358	1.32813280883805
3.86	1.208	1.31097097900405
3.87	1.198	1.29483226771775
3.88	1.333	1.30028480090093
3.89	1.102	1.27195840077223
3.9	1.258	1.26996434351905
3.91	1.078	1.24254086587347
3.92	1.038	1.21332074217726
3.93	1.093	1.19613206472337
3.94	1.057	1.17625605547717
3.95	1.086	1.16336233326615
3.96	1.055	1.14788199994241
3.97	1.05	1.1338988570935
3.98	1.111	1.13062759179443
3.99	1.027	1.11582365010951
4	0.963	1.09399170009386
4.01	1.128	1.09885002865188
4.02	1.073	1.0951571674159
4.03	0.986	1.07956328635649
4.04	0.948	1.0607685311627
4.05	0.976	1.0486587409966
4.06	0.838	1.01856463513994
4.07	0.902	1.00191254440567
4.08	0.93	0.991639323776286
4.09	0.965	0.987833706093959
4.1	0.866	0.970428890937679
4.11	0.905	0.961081906518011
4.12	0.928	0.956355919872581
4.13	0.884	0.946019359890783
4.14	0.81	0.926588022763529
4.15	0.845	0.914932590940167
4.16	0.86	0.907085077948715
4.17	0.722	0.88064435252747
4.18	0.913	0.885266587880688
4.19	0.791	0.871799932469162
4.2	0.682	0.844685656402138
4.21	0.727	0.827873419773262
4.22	0.701	0.809748645519939
4.23	0.75	0.801213124731376
4.24	0.673	0.782896964055465
4.25	0.747	0.777768826333256
4.26	0.714	0.768658993999933
4.27	0.609	0.745850566285657
4.28	0.715	0.741443342530563
4.29	0.646	0.727808579311911
4.3	0.607	0.710550210838781
4.31	0.637	0.700043037861812
4.32	0.612	0.687465461024411
4.33	0.581	0.672256109449495
4.34	0.603	0.662362379528138
4.35	0.53	0.643453468166976
4.36	0.507	0.623960115571694
4.37	0.463	0.600965813347166
4.38	0.53	0.590827840011856
4.39	0.569	0.58770957715302
4.4	0.436	0.566036780416874
4.41	0.53	0.560888668928749
4.42	0.52	0.555047430510356
4.43	0.399	0.532754940437448
4.44	0.431	0.518218520374956
4.45	0.389	0.499758731749962
4.46	0.394	0.484650341499968
4.47	0.446	0.479128864142829
4.48	0.344	0.459824740693854
4.49	0.432	0.455849777737589
4.5	0.338	0.439014095203648
4.51	0.301	0.419297795888841
4.52	0.423	0.419826682190435
4.53	0.401	0.41713715616323
4.54	0.338	0.405831848139911
4.55	0.353	0.398284441262781
4.56	0.326	0.387958092510955
4.57	0.331	0.379821222152247
4.58	0.295	0.367703904701926
4.59	0.312	0.359746204030223
4.6	0.289	0.349639603454476
4.61	0.266	0.337691088675266
4.62	0.249	0.325020933150228
4.63	0.307	0.322446514128767
4.64	0.244	0.311239869253228
4.65	0.194	0.294491316502767
