0	0	--
0.01	0	--
0.02	0	--
0.03	0	--
0.04	0	--
0.05	0	--
0.06	0	0
0.07	0	0
0.08	0	0
0.09	0	0
0.1	0	0
0.11	0	0
0.12	0	0
0.13	0	0
0.14	0	0
0.15	0	0
0.16	0	0
0.17	0	0
0.18	0	0
0.19	0	0
0.2	0	0
0.21	0	0
0.22	0	0
0.23	0	0
0.24	0	0
0.25	0	0
0.26	0	0
0.27	0	0
0.28	0	0
0.29	0	0
0.3	0	0
0.31	0	0
0.32	0	0
0.33	0	0
0.34	0	0
0.35	0	0
0.36	0	0
0.37	0	0
0.38	0	0
0.39	0	0
0.4	0	0
0.41	0.672	0.096
0.42	0.961	0.219571428571429
0.43	2.751	0.581204081632653
0.44	2.335	0.831746355685131
0.45	6.418	1.62978259058726
0.46	11.484	3.03752793478908
0.47	14.07	4.61359537267635
0.48	17.169	6.40722460515116
0.49	15.769	7.74462109012956
0.5	18.309	9.25381807725391
0.51	17.816	10.4769869233605
0.52	15.674	11.2194173628804
0.53	15.692	11.8583577396118
0.54	13.372	12.0745923482387
0.55	12.143	12.0843648699189
0.56	8.83	11.6194556027876
0.57	10.61	11.4752476595322
0.58	11.591	11.4917837081705
0.59	10.552	11.3575288927176
0.6	9.418	11.080453336615
0.61	8.049	10.6473885742415
0.62	9.997	10.5544759207784
0.63	10.251	10.5111222178101
0.64	10.623	10.5271047581229
0.65	8.159	10.1888040783911
0.66	9.081	10.0305463529066
0.67	11.456	10.2341825882057
0.68	10.999	10.343442218462
0.69	9.733	10.2562361872532
0.7	11.418	10.422202446217
0.71	9.977	10.3586020967574
0.72	10.138	10.3270875115064
0.73	9.014	10.1395035812912
0.74	8.875	9.95886021253528
0.75	10.046	9.97130875360167
0.76	8.218	9.72083607451572
0.77	10.103	9.77543092101347
0.78	10.96	9.94465507515441
0.79	8.33	9.71399006441806
0.8	9.978	9.7517057695012
0.81	9.991	9.78589065957245
0.82	8.32	9.57647770820496
0.83	10.008	9.63812374988997
0.84	8.329	9.45110607133426
0.85	9.933	9.51994806114365
0.86	8.023	9.30609833812313
0.87	10.154	9.42722714696268
0.88	11.092	9.66505184025373
0.89	9.56	9.65004443450319
0.9	11.442	9.90603808671702
0.91	9.076	9.78746121718602
0.92	12.485	10.1728239004452
0.93	10.585	10.2317062003816
0.94	12.855	10.6064624574699
0.95	11.96	10.7998249635456
0.96	11.712	10.9301356830391
0.97	11.351	10.9902591568907
0.98	11.592	11.0762221344777
0.99	10.898	11.0507618295523
1	10.963	11.0382244253306
1.01	11.634	11.1233352217119
1.02	11.515	11.1792873328959
1.03	12.092	11.3096748567679
1.04	12.017	11.4107213058011
1.05	11.584	11.4354754049724
1.06	11.819	11.4902646328335
1.07	11.155	11.4423696852858
1.08	11.386	11.4343168731021
1.09	11.891	11.4995573198018
1.1	11.909	11.5580491312587
1.11	11.329	11.5253278267932
1.12	12.614	11.6808524229656
1.13	11.905	11.7128735053991
1.14	11.088	11.6236058617706
1.15	11.922	11.6662335958034
1.16	11.297	11.6134859392601
1.17	11.435	11.5879879479372
1.18	10.471	11.428418241089
1.19	10.615	11.3122156352192
1.2	11.302	11.3107562587593
1.21	11.965	11.4042196503651
1.22	11.656	11.4401882717415
1.23	11.206	11.4067328043499
1.24	11.32	11.3943424037285
1.25	11.248	11.373436346053
1.26	10.75	11.2843740109025
1.27	10.546	11.178892009345
1.28	12.797	11.4100502937243
1.29	11.512	11.424614537478
1.3	11.336	11.4119553178383
1.31	11.789	11.4658188438614
1.32	10.768	11.3661304375955
1.33	11.213	11.3442546607961
1.34	11.393	11.3512182806824
1.35	10.698	11.257901383442
1.36	10.663	11.1729154715218
1.37	10.659	11.0994989755901
1.38	9.941	10.9339991219343
1.39	10.998	10.9431421045152
1.4	10.322	10.8544075181558
1.41	10.944	10.8672064441336
1.42	10.005	10.7440340949716
1.43	10.584	10.7211720814043
1.44	10.411	10.6768617840608
1.45	10.536	10.6567386720521
1.46	10.631	10.6530617189018
1.47	11.298	10.7451957590587
1.48	9.752	10.6033106506217
1.49	11.378	10.7139805576758
1.5	10.976	10.7514119065792
1.51	10.732	10.7486387770679
1.52	10.249	10.6772618089154
1.53	11.66	10.8176529790703
1.54	11.152	10.8654168392031
1.55	10.067	10.7513572907455
1.56	10.821	10.7613062492105
1.57	10.363	10.7044053564661
1.58	9.327	10.5076331626852
1.59	9.5	10.3636855680159
1.6	10.552	10.3905876297279
1.61	10.465	10.4012179683382
1.62	9.991	10.3426154014328
1.63	9.465	10.2172417726567
1.64	8.825	10.0183500908486
1.65	9.673	9.96901436358448
1.66	10.049	9.98044088307241
1.67	9.078	9.85152075691921
1.68	10.332	9.9201606487879
1.69	10.289	9.97285198467534
1.7	10.031	9.98115884400743
1.71	8.639	9.78942186629209
1.72	8.768	9.64350445682179
1.73	7.798	9.3798609629901
1.74	8.586	9.26645225399152
1.75	8.839	9.20538764627844
1.76	9.012	9.17776083966724
1.77	8.117	9.02622357685763
1.78	8.651	8.97262020873511
1.79	8.96	8.97081732177296
1.8	8.058	8.84041484723396
1.81	9.091	8.87621272620054
1.82	8.582	8.83418233674332
1.83	7.83	8.69072771720856
1.84	8.212	8.62233804332162
1.85	8.504	8.60543260856139
1.86	8.445	8.58251366448119
1.87	7.951	8.49229742669817
1.88	8.346	8.47139779431271
1.89	7.404	8.31891239512518
1.9	8.328	8.32021062439302
1.91	8.442	8.33760910662259
1.92	8.232	8.32252209139079
1.93	7.616	8.22159036404925
1.94	7.748	8.1539345977565
1.95	7.817	8.10580108379128
1.96	8.635	8.18140092896396
1.97	8.038	8.16091508196911
1.98	7.582	8.07821292740209
1.99	8.362	8.11875393777322
2	8.491	8.17193194666276
2.01	7.903	8.13351309713951
2.02	7.783	8.08343979754815
2.03	8.022	8.0746626836127
2.04	8.229	8.09671087166803
2.05	7.974	8.07918074714402
2.06	7.604	8.01129778326631
2.07	7.729	7.97096952851398
2.08	7.837	7.95183102444055
2.09	7.995	7.95799802094904
2.1	7.817	7.93785544652775
2.11	7.794	7.91730466845236
2.12	7.419	7.84611828724488
2.13	7.561	7.80538710335275
2.14	7.725	7.79390323144522
2.15	7.641	7.77205991266733
2.16	7.534	7.73805135371485
2.17	7.933	7.76590116032702
2.18	7.575	7.73862956599459
2.19	7.73	7.7373967708525
2.2	7.566	7.71291151787357
2.21	6.861	7.59120987246306
2.22	7.82	7.62389417639691
2.23	7.046	7.54133786548307
2.24	7.377	7.51786102755691
2.25	7.2	7.4724523093345
2.26	7.07	7.41495912228671
2.27	6.832	7.33167924767432
2.28	6.784	7.25343935514942
2.29	7.77	7.32723373298522
2.3	7.04	7.28620034255876
2.31	6.323	7.14860029362179
2.32	6.993	7.12637168024725
2.33	6.423	7.0258900116405
2.34	6.492	6.94962000997757
2.35	6.631	6.90410286569506
2.36	7.174	6.9426595991672
2.37	6.208	6.8377082278576
2.38	6.555	6.79732133816365
2.39	6.708	6.78456114699742
2.4	6.456	6.7376238402835
2.41	6.13	6.65082043452871
2.42	6.456	6.62298894388176
2.43	6.565	6.6147048090415
2.44	6.284	6.56746126489272
2.45	6.524	6.56125251276519
2.46	5.827	6.45635929665587
2.47	6.41	6.44973653999075
2.48	6.285	6.4262027485635
2.49	6.034	6.370173784483
2.5	6.013	6.31914895812829
2.51	6.243	6.30827053553853
2.52	6.532	6.34023188760445
2.53	6.021	6.29462733223239
2.54	6.219	6.28382342762776
2.55	5.918	6.23156293796665
2.56	5.708	6.15676823254285
2.57	5.45	6.05580134217958
2.58	6.333	6.09540115043964
2.59	5.897	6.06705812894826
2.6	5.392	5.97062125338423
2.61	5.807	5.94724678861505
2.62	5.475	5.87978296167004
2.63	5.809	5.86967111000289
2.64	5.173	5.77014666571677
2.65	5.376	5.7138399991858
2.66	5.719	5.71457714215926
2.67	5.581	5.69549469327936
2.68	5.224	5.62813830852517
2.69	4.967	5.53368997873586
2.7	5.287	5.49844855320216
2.71	5.102	5.44181304560186
2.72	5.293	5.42055403908731
2.73	4.777	5.32861774778912
2.74	4.938	5.27281521239067
2.75	4.723	5.19427018204915
2.76	4.741	5.12951729889927
2.77	4.795	5.08172911334223
2.78	4.87	5.05148209715048
2.79	4.639	4.99255608327184
2.8	4.303	4.89404807137587
2.81	4.33	4.81346977546503
2.82	4.363	4.7491169503986
2.83	4.255	4.67852881462737
2.84	4.547	4.65973898396631
2.85	4.147	4.58649055768541
2.86	4.304	4.54613476373035
2.87	4.02	4.47097265462602
2.88	4.006	4.40454798967944
2.89	4.033	4.35146970543952
2.9	3.904	4.28754546180531
2.91	3.757	4.21175325297598
2.92	3.93	4.17150278826512
2.93	3.614	4.09185953279868
2.94	3.642	4.02759388525601
2.95	3.857	4.00322333021944
2.96	3.902	3.9887628544738
2.97	3.421	3.90765387526326
2.98	3.831	3.89670332165422
2.99	3.357	3.81960284713219
3	3.617	3.79065958325616
3.01	3.78	3.78913678564814
3.02	3.315	3.72140295912698
3.03	3.558	3.69805967925169
3.04	3.314	3.64319401078717
3.05	3.542	3.62873772353186
3.06	3.193	3.56648947731302
3.07	2.908	3.47241955198259
3.08	3.58	3.48778818741365
3.09	3.054	3.42581844635456
3.1	3.428	3.42613009687533
3.11	3.336	3.41325436875029
3.12	2.949	3.34693231607167
3.13	2.826	3.27251341377572
3.14	3.124	3.25129721180776
3.15	3.121	3.23268332440665
3.16	2.733	3.16129999234856
3.17	2.997	3.13782856487019
3.18	2.884	3.10156734131731
3.19	2.921	3.07577200684341
3.2	2.837	3.04166172015149
3.21	2.473	2.96042433155842
3.22	2.954	2.95950656990722
3.23	2.719	2.9251484884919
3.24	2.6	2.87869870442163
3.25	2.541	2.8304560323614
3.26	2.754	2.81953374202405
3.27	2.616	2.79045749316348
3.28	2.311	2.72196356556869
3.29	2.302	2.66196877048745
3.3	2.434	2.62940180327496
3.31	2.491	2.60963011709282
3.32	2.502	2.59425438607956
3.33	2.278	2.5490751880682
3.34	2.239	2.50477873262988
3.35	2.296	2.47495319939704
3.36	2.077	2.41810274234032
3.37	1.99	2.35694520772028
3.38	2.038	2.31138160661738
3.39	2.178	2.29232709138633
3.4	1.911	2.23785179261685
3.41	2.129	2.22230153652873
3.42	1.918	2.1788298884532
3.43	1.945	2.14542561867417
3.44	1.948	2.11722195886357
3.45	1.913	2.08804739331163
3.46	1.813	2.04875490855283
3.47	1.943	2.03364706447385
3.48	1.913	2.01641176954902
3.49	1.652	1.96435294532773
3.5	1.771	1.9367310959952
3.51	1.688	1.9011980822816
3.52	1.71	1.87388407052708
3.53	1.469	1.81604348902321
3.54	1.619	1.78789441916275
3.55	1.556	1.75476664499665
3.56	1.65	1.7397999814257
3.57	1.485	1.70339998407917
3.58	1.495	1.67362855778215
3.59	1.574	1.65939590667041
3.6	1.308	1.60919649143178
3.61	1.574	1.60416842122724
3.62	1.488	1.58757293248049
3.63	1.355	1.55434822784042
3.64	1.399	1.53215562386322
3.65	1.302	1.49927624902562
3.66	1.43	1.48937964202196
3.67	1.397	1.47618255030453
3.68	1.306	1.45187075740389
3.69	1.266	1.42531779206047
3.7	1.218	1.39570096462326
3.71	1.326	1.3857436839628
3.72	1.25	1.36635172911097
3.73	1.145	1.33473005352369
3.74	1.079	1.29819718873459
3.75	1.033	1.26031187605822
3.76	1.043	1.22926732233562
3.77	1.002	1.19680056200196
3.78	1.076	1.17954333885882
3.79	1.027	1.15775143330756
3.8	0.912	1.12264408569219
3.81	0.849	1.08355207345045
3.82	0.972	1.06761606295753
3.83	0.971	1.05381376824931
3.84	0.95	1.03898322992798
3.85	0.831	1.00927133993827
3.86	0.8	0.979375434232803
3.87	0.815	0.955893229342402
3.88	0.815	0.935765625150631
3.89	0.803	0.916799107271969
3.9	0.788	0.898399234804545
3.91	0.835	0.889342201261039
3.92	0.717	0.864721886795176
3.93	0.703	0.841618760110151
3.94	0.677	0.818101794380129
3.95	0.695	0.800515823754397
3.96	0.627	0.77572784893234
3.97	0.606	0.751481013370577
3.98	0.689	0.742555154317637
3.99	0.689	0.734904417986546
4	0.675	0.726346643988468
4.01	0.573	0.704439980561544
4.02	0.563	0.684234269052752
4.03	0.602	0.672486516330931
4.04	0.53	0.652131299712226
4.05	0.568	0.64011254261048
4.06	0.583	0.63195360795184
4.07	0.624	0.630817378244434
4.08	0.577	0.623129181352372
4.09	0.578	0.61668215544489
4.1	0.541	0.605870418952763
4.11	0.569	0.600603216245226
4.12	0.483	0.583802756781622
4.13	0.51	0.573259505812819
4.14	0.475	0.559222433553845
4.15	0.459	0.544904943046153
4.16	0.457	0.532347094039559
4.17	0.471	0.523583223462479
4.18	0.492	0.519071334396411
4.19	0.441	0.507918286625495
4.2	0.368	0.48792995996471
4.21	0.443	0.481511394255466
4.22	0.422	0.473009766504685
4.23	0.442	0.468579799861159
4.24	0.374	0.455068399880993
4.25	0.435	0.45220148561228
4.26	0.38	0.441886987667668
4.27	0.378	0.432760275143716
4.28	0.33	0.418080235837471
4.29	0.372	0.411497345003546
4.3	0.388	0.408140581431611
4.31	0.344	0.398977641227095
4.32	0.372	0.395123692480367
4.33	0.295	0.380820307840315
4.34	0.33	0.373560263863127
4.35	0.331	0.367480226168395
4.36	0.297	0.357411622430053
4.37	0.343	0.355352819225759
4.38	0.233	0.337873845050651
4.39	0.305	0.333177581471986
4.4	0.292	0.327295069833131
4.41	0.253	0.316681488428398
4.42	0.202	0.300298418652913
4.43	0.222	0.289112930273925
4.44	0.249	0.283382511663364
4.45	0.288	0.284042152854312
4.46	0.259	0.280464702446553
4.47	0.209	0.270255459239903
4.48	0.248	0.267076107919917
4.49	0.23	0.261779521074214
4.5	0.248	0.259811018063612
4.51	0.203	0.251695158340239
4.52	0.221	0.247310135720205
4.53	0.209	0.241837259188747
4.54	0.156	0.229574793590355
4.55	0.205	0.226064108791733
4.56	0.188	0.220626378964342
4.57	0.189	0.216108324826579
4.58	0.199	0.213664278422782
4.59	0.204	0.212283667219527
4.6	0.184	0.208243143331024
4.61	0.144	0.199065551426592
4.62	0.172	0.195199044079936
4.63	0.145	0.188027752068516
4.64	0.142	0.181452358915871
4.65	0.128	0.173816307642175
